2 0.705273 0.842014 0.029297 0.038194
2 0.621094 0.790278 0.037500 0.041667
2 0.526367 0.769792 0.041016 0.046528
2 0.507227 0.856597 0.038672 0.035417
2 0.585547 0.888889 0.028125 0.036111
2 0.607617 0.895833 0.032422 0.037500
2 0.476172 0.954167 0.046094 0.048611
2 0.438477 0.985417 0.047266 0.027778
2 0.375586 0.732986 0.026172 0.046528
2 0.405273 0.747917 0.029297 0.047222
2 0.343945 0.803472 0.033203 0.048611
2 0.382812 0.813542 0.033594 0.043750
2 0.325195 0.956944 0.048047 0.056944
2 0.277930 0.934722 0.037891 0.043056
2 0.374414 0.931250 0.037109 0.052778
2 0.238477 0.901736 0.041016 0.042361
2 0.194141 0.911111 0.038281 0.045833
2 0.132812 0.909375 0.037500 0.057639
2 0.221484 0.817361 0.035156 0.044444
2 0.127148 0.723264 0.026953 0.034028
2 0.069141 0.753125 0.031250 0.038194
2 0.019531 0.773611 0.037500 0.043056
3 0.092773 0.840972 0.037891 0.051389
3 0.068359 0.825000 0.041406 0.051389
3 0.017969 0.838889 0.035156 0.070833
