2 0.853516 0.502083 0.037500 0.043056
2 0.797852 0.505903 0.042578 0.040972
2 0.779883 0.578125 0.053516 0.042361
2 0.932617 0.669444 0.042578 0.055556
2 0.895703 0.664583 0.038281 0.051389
3 0.825195 0.648611 0.066016 0.080556
3 0.759180 0.650347 0.061328 0.064583
2 0.732422 0.600694 0.039844 0.041667
2 0.701758 0.661458 0.044141 0.046528
2 0.606836 0.632292 0.041016 0.034028
2 0.612109 0.662847 0.044531 0.029861
2 0.538281 0.540972 0.039062 0.044444
3 0.433203 0.434375 0.045312 0.049306
3 0.597656 0.734375 0.050781 0.053472
2 0.556836 0.683681 0.041016 0.060417
2 0.474414 0.571181 0.047266 0.064583
3 0.502344 0.651389 0.047656 0.068056
2 0.515625 0.731597 0.046875 0.043750
2 0.493945 0.763889 0.047266 0.056944
2 0.353906 0.613542 0.046094 0.043750
2 0.445508 0.626389 0.035547 0.038889
2 0.405664 0.643750 0.035547 0.047222
2 0.392188 0.684722 0.047656 0.055556
2 0.402344 0.714583 0.047656 0.050000
2 0.438281 0.787153 0.048438 0.056250
3 0.313867 0.636111 0.045703 0.055556
3 0.331445 0.804514 0.075391 0.084028
2 0.147852 0.440278 0.041797 0.052778
2 0.107227 0.550347 0.063672 0.059028
3 0.185742 0.605903 0.054297 0.074306
2 0.122070 0.643056 0.033984 0.045833
2 0.173047 0.667014 0.046094 0.045139
2 0.133008 0.718403 0.041016 0.057639
2 0.196875 0.758333 0.049219 0.050000
2 0.048633 0.657292 0.053516 0.059028
2 0.016602 0.637153 0.032422 0.075694
2 0.094141 0.794097 0.047656 0.060417
2 0.139453 0.819792 0.057031 0.096528
2 0.196289 0.930903 0.056641 0.079861
2 0.413867 0.921528 0.063672 0.073611
3 0.022656 0.760764 0.044531 0.078472
