2 0.106201 0.551107 0.034668 0.083984
1 0.658936 0.934245 0.068848 0.095052
1 0.743164 0.719401 0.033203 0.045573
1 0.777100 0.717448 0.031738 0.055990
1 0.667236 0.291341 0.043457 0.039714
1 0.744385 0.284180 0.040527 0.048828
1 0.989258 0.530924 0.021484 0.056641
1 0.934570 0.490560 0.038086 0.051432
2 0.850830 0.409831 0.030762 0.047526
1 0.814209 0.412760 0.034668 0.039062
1 0.785400 0.414388 0.030762 0.043620
1 0.754883 0.405924 0.028320 0.033203
1 0.734375 0.395182 0.033203 0.042969
1 0.649170 0.450846 0.033691 0.034505
1 0.656006 0.399414 0.038574 0.041016
2 0.754150 0.527669 0.029785 0.046224
2 0.746338 0.581055 0.039551 0.044922
2 0.827637 0.603516 0.036133 0.037760
2 0.604492 0.650065 0.036133 0.044922
1 0.916992 0.741862 0.032227 0.050130
1 0.964844 0.756836 0.040039 0.046224
1 0.987061 0.828125 0.025879 0.057292
1 0.956055 0.818685 0.037109 0.052734
2 0.922852 0.782227 0.039062 0.056641
2 0.904785 0.863932 0.043945 0.054688
1 0.812256 0.682617 0.038574 0.055339
2 0.603027 0.703776 0.043945 0.046875
2 0.572266 0.748372 0.050781 0.050130
3 0.449463 0.960286 0.061035 0.061198
2 0.842041 0.985026 0.056152 0.029948
1 0.263184 0.812174 0.040039 0.056641
