2 0.816667 0.118981 0.039062 0.043519
3 0.782292 0.413426 0.070312 0.079630
2 0.880990 0.432176 0.060937 0.068056
2 0.898438 0.483102 0.059375 0.074537
2 0.823177 0.555093 0.057813 0.072222
2 0.884245 0.566435 0.051302 0.077315
2 0.474349 0.324769 0.036198 0.054167
2 0.473438 0.178241 0.035417 0.038889
2 0.388021 0.192361 0.029687 0.038426
2 0.460026 0.391667 0.050781 0.049074
2 0.470443 0.425694 0.064323 0.073611
2 0.551823 0.575694 0.047917 0.074537
2 0.514193 0.541435 0.053385 0.070833
2 0.510156 0.452778 0.048438 0.062963
2 0.657031 0.755556 0.036979 0.066667
2 0.701953 0.751157 0.058594 0.104167
2 0.541016 0.780787 0.058073 0.091204
2 0.460807 0.675231 0.054948 0.075463
2 0.371354 0.694444 0.052604 0.065741
2 0.412891 0.682407 0.054948 0.082407
2 0.416146 0.766435 0.050000 0.070833
2 0.377995 0.605787 0.045573 0.060648
2 0.235677 0.375463 0.039062 0.050000
2 0.257031 0.364815 0.028125 0.056481
2 0.294401 0.407639 0.030469 0.055093
2 0.325391 0.457407 0.036198 0.059259
3 0.250911 0.506019 0.073698 0.082407
2 0.314974 0.506250 0.057031 0.064352
2 0.293229 0.668750 0.050000 0.073611
2 0.106250 0.733102 0.039062 0.047685
2 0.179297 0.580556 0.053385 0.069444
2 0.118880 0.503472 0.039844 0.041204
