3 0.567839 0.142824 0.030469 0.050463
3 0.616667 0.199306 0.042708 0.044907
2 0.670833 0.251389 0.041146 0.046296
2 0.750781 0.095833 0.031771 0.053704
2 0.761589 0.323380 0.040365 0.064352
2 0.816667 0.537037 0.052083 0.062037
2 0.770703 0.557407 0.049740 0.069444
2 0.792708 0.619213 0.063542 0.090278
2 0.882422 0.676389 0.073698 0.112037
2 0.658594 0.736806 0.054167 0.070833
2 0.617318 0.746528 0.064323 0.100463
2 0.819792 0.784491 0.068750 0.088426
1 0.670573 0.505324 0.059375 0.081019
2 0.557292 0.387269 0.055729 0.047685
2 0.531250 0.479630 0.041146 0.050000
3 0.464974 0.536806 0.062240 0.074537
3 0.532682 0.434722 0.058594 0.065741
2 0.575260 0.444907 0.042708 0.050000
2 0.393099 0.497222 0.047135 0.049074
3 0.402474 0.398148 0.073177 0.085185
3 0.160156 0.505556 0.074479 0.086111
2 0.324740 0.521528 0.027604 0.048611
2 0.330859 0.485417 0.035677 0.038426
2 0.391276 0.583333 0.040365 0.062037
2 0.403906 0.632176 0.059896 0.048611
2 0.369922 0.673380 0.054427 0.071759
2 0.399219 0.738194 0.066667 0.081019
