2 0.837630 0.249074 0.037760 0.046296
2 0.980599 0.286343 0.038802 0.054167
2 0.604036 0.408333 0.041927 0.036111
2 0.533333 0.439120 0.042708 0.051389
2 0.662500 0.486806 0.046354 0.058796
2 0.633203 0.491204 0.032552 0.050000
2 0.687109 0.451389 0.034635 0.065741
2 0.599219 0.623843 0.065625 0.078241
2 0.686068 0.648843 0.051302 0.058796
2 0.686328 0.710648 0.049219 0.069444
2 0.630339 0.721528 0.057031 0.057870
2 0.617708 0.773611 0.050521 0.056481
2 0.702995 0.779398 0.066406 0.086574
2 0.754297 0.787731 0.062240 0.103241
2 0.727604 0.724769 0.043229 0.087500
2 0.632422 0.836574 0.058594 0.069444
2 0.676953 0.879861 0.056510 0.081019
2 0.794141 0.926157 0.067969 0.091204
2 0.798177 0.855324 0.039583 0.060648
2 0.543490 0.841898 0.070312 0.074537
0 0.410807 0.950463 0.063802 0.099074
2 0.252344 0.599306 0.053646 0.073611
2 0.430990 0.644213 0.053646 0.068056
2 0.423568 0.706713 0.071615 0.080093
2 0.499089 0.986574 0.063802 0.026852
2 0.431510 0.537731 0.035417 0.060648
