0 0.846528 0.590123 0.126389 0.187654
0 0.521528 0.664198 0.170833 0.167901
3 0.400000 0.593827 0.080556 0.086420
3 0.379861 0.829630 0.084722 0.133333
0 0.254861 0.587654 0.120833 0.177778
1 0.986806 0.130864 0.026389 0.069136
1 0.951389 0.235802 0.055556 0.076543
1 0.886111 0.162963 0.050000 0.069136
1 0.827778 0.227160 0.052778 0.064198
1 0.759028 0.193827 0.040278 0.061728
1 0.800000 0.164198 0.036111 0.066667
1 0.596528 0.153086 0.037500 0.054321
1 0.610417 0.356790 0.070833 0.116049
1 0.529167 0.328395 0.038889 0.069136
1 0.484028 0.350617 0.040278 0.083951
1 0.425694 0.340741 0.059722 0.108642
1 0.229861 0.317284 0.048611 0.051852
1 0.972917 0.595062 0.048611 0.088889
1 0.642361 0.544444 0.059722 0.086420
1 0.704167 0.724691 0.072222 0.120988
1 0.822222 0.933333 0.088889 0.123457
1 0.611806 0.816049 0.098611 0.165432
1 0.528472 0.941975 0.095833 0.116049
3 0.646528 0.945679 0.081944 0.108642
