3 0.792448 0.500463 0.061458 0.062963
3 0.756510 0.794213 0.053646 0.081944
3 0.862891 0.699769 0.059115 0.060648
3 0.123958 0.973611 0.080208 0.052778
3 0.316406 0.755093 0.059896 0.065741
3 0.139193 0.471991 0.070052 0.073611
3 0.145573 0.268750 0.029687 0.083796
1 0.318880 0.034722 0.036198 0.055556
1 0.222786 0.032176 0.041927 0.060648
1 0.398438 0.209722 0.031771 0.042593
1 0.406771 0.250231 0.035417 0.056944
1 0.334115 0.255324 0.044792 0.074537
1 0.420573 0.328009 0.041146 0.055093
1 0.134115 0.367824 0.070312 0.083796
1 0.287500 0.840972 0.057292 0.091204
1 0.357682 0.781944 0.045573 0.065741
1 0.903776 0.939583 0.073177 0.110648
