3 0.600694 0.719753 0.037500 0.056790
1 0.970139 0.180247 0.034722 0.049383
1 0.850000 0.332099 0.044444 0.086420
1 0.976389 0.622222 0.044444 0.064198
1 0.856944 0.644444 0.038889 0.059259
1 0.797917 0.640741 0.048611 0.056790
1 0.743750 0.575309 0.040278 0.049383
1 0.572917 0.553086 0.043056 0.059259
1 0.661806 0.630864 0.043056 0.061728
1 0.764583 0.848148 0.026389 0.061728
1 0.520833 0.841975 0.038889 0.064198
1 0.493056 0.767901 0.036111 0.069136
1 0.277778 0.796296 0.050000 0.091358
1 0.115278 0.498765 0.041667 0.059259
