3 0.960677 0.172454 0.039062 0.047685
1 0.940625 0.187037 0.044271 0.046296
1 0.802474 0.162963 0.026823 0.046296
1 0.685286 0.154398 0.026823 0.034722
1 0.775391 0.105324 0.023177 0.034722
1 0.677734 0.133796 0.021615 0.029630
1 0.747786 0.116435 0.023177 0.041204
1 0.453516 0.288194 0.027344 0.050463
1 0.529427 0.361343 0.031771 0.044907
1 0.582682 0.541435 0.038281 0.057870
1 0.588802 0.621991 0.046354 0.110648
3 0.621615 0.671991 0.035417 0.064352
1 0.840104 0.667361 0.039583 0.081019
3 0.658594 0.837963 0.044271 0.082407
1 0.591927 0.891898 0.054167 0.087500
3 0.368490 0.943981 0.061458 0.078704
