1 0.677083 0.094676 0.026042 0.038426
1 0.728776 0.090741 0.025260 0.040741
1 0.725521 0.168519 0.027604 0.032407
1 0.719271 0.196991 0.033854 0.044907
1 0.912500 0.493981 0.036979 0.062963
1 0.933073 0.705556 0.037500 0.069444
1 0.886068 0.722222 0.037760 0.062037
1 0.854167 0.859028 0.040625 0.078241
1 0.766667 0.742593 0.033333 0.059259
1 0.663281 0.821759 0.050521 0.086111
1 0.646224 0.362731 0.030990 0.034722
1 0.655729 0.387731 0.029687 0.043981
1 0.630339 0.436806 0.036719 0.051389
1 0.539583 0.481019 0.033333 0.047222
1 0.520443 0.528009 0.032552 0.054167
1 0.481771 0.699769 0.031771 0.070833
1 0.505859 0.778935 0.034115 0.064352
1 0.422005 0.931250 0.035677 0.078241
