1 0.671224 0.563426 0.019010 0.029630
1 0.643750 0.578704 0.026042 0.032407
1 0.603516 0.606481 0.019531 0.038889
1 0.619010 0.687963 0.026042 0.039815
1 0.463672 0.670139 0.034635 0.034722
1 0.417708 0.842361 0.023958 0.047685
1 0.300781 0.884028 0.026042 0.041204
1 0.336589 0.912500 0.026823 0.046296
1 0.437500 0.892593 0.027604 0.045370
1 0.495443 0.900231 0.024740 0.042130
1 0.560547 0.919676 0.032031 0.037500
1 0.569531 0.958796 0.031250 0.043519
1 0.947135 0.914583 0.042708 0.081019
1 0.797786 0.758102 0.023177 0.048611
1 0.773177 0.746065 0.027604 0.060648
1 0.461849 0.730556 0.025260 0.045370
1 0.523958 0.729167 0.028125 0.039815
1 0.559375 0.747222 0.022396 0.047222
