1 0.181510 0.072917 0.046354 0.051389
1 0.130859 0.140278 0.046094 0.037037
1 0.167057 0.191667 0.027344 0.042593
1 0.229948 0.244444 0.030208 0.037037
1 0.115234 0.309259 0.034115 0.043519
1 0.283854 0.454630 0.033854 0.046296
1 0.328646 0.471528 0.031250 0.051389
1 0.055208 0.581944 0.050000 0.059259
1 0.455990 0.592361 0.033854 0.051389
1 0.344271 0.612963 0.047917 0.072222
1 0.372526 0.674074 0.030469 0.052778
1 0.436068 0.774306 0.041927 0.068056
1 0.325391 0.746759 0.028906 0.059259
1 0.292578 0.706713 0.032552 0.054167
3 0.263281 0.785185 0.066667 0.056481
3 0.206120 0.973611 0.049219 0.052778
3 0.017057 0.924074 0.033594 0.059259
1 0.580339 0.856019 0.064323 0.138889
1 0.382943 0.744676 0.035677 0.060648
