3 0.443555 0.714931 0.044922 0.057639
2 0.024805 0.672917 0.048828 0.041667
3 0.117383 0.708681 0.049609 0.072917
2 0.097461 0.532986 0.030078 0.029861
2 0.115625 0.556597 0.037500 0.034028
2 0.070508 0.550000 0.038672 0.044444
2 0.131641 0.860069 0.042969 0.049306
3 0.987891 0.708681 0.024219 0.057639
2 0.970898 0.668750 0.045703 0.054167
2 0.733594 0.508333 0.042188 0.041667
2 0.720117 0.585764 0.050391 0.050694
2 0.673242 0.618403 0.034766 0.034028
2 0.642773 0.684722 0.043359 0.048611
2 0.549805 0.676389 0.042578 0.036111
2 0.455273 0.780556 0.042578 0.043056
2 0.494336 0.734722 0.035547 0.041667
2 0.378711 0.694792 0.034766 0.032639
2 0.339258 0.740278 0.038672 0.033333
2 0.343945 0.794097 0.036328 0.046528
2 0.439648 0.821181 0.041016 0.045139
2 0.378711 0.861458 0.046484 0.047917
2 0.029687 0.918403 0.039062 0.050694
3 0.244727 0.725694 0.051172 0.054167
2 0.283594 0.695486 0.039062 0.043750
2 0.263867 0.802778 0.038672 0.044444
2 0.215234 0.859028 0.046094 0.043056
2 0.067578 0.834028 0.039844 0.043056
3 0.015820 0.848264 0.030859 0.085417
3 0.225781 0.547569 0.050000 0.061806
3 0.444922 0.711458 0.046094 0.064583
3 0.984570 0.703819 0.030859 0.089583
