2 0.858398 0.505534 0.034180 0.026693
2 0.760010 0.482422 0.032715 0.028646
2 0.656982 0.386393 0.031738 0.029297
2 0.565674 0.394206 0.029785 0.031901
2 0.818359 0.461914 0.036133 0.033203
2 0.881348 0.486979 0.035156 0.029948
2 0.789795 0.556641 0.038574 0.045573
2 0.832275 0.585612 0.039551 0.038411
3 0.898438 0.543294 0.041992 0.039714
2 0.664307 0.982422 0.038574 0.035156
2 0.702637 0.924805 0.044922 0.054036
2 0.785400 0.885417 0.044434 0.050781
2 0.883545 0.886393 0.042480 0.050130
2 0.979004 0.824219 0.041992 0.058594
2 0.796387 0.801107 0.041016 0.051432
2 0.861328 0.829427 0.041992 0.052083
2 0.549072 0.970703 0.049316 0.052083
2 0.435059 0.906576 0.041016 0.044922
2 0.468750 0.851237 0.044922 0.041016
2 0.528076 0.902669 0.034668 0.034505
2 0.673828 0.745443 0.032227 0.029948
2 0.370361 0.539388 0.034668 0.029297
3 0.381592 0.473307 0.040527 0.036458
3 0.236572 0.593424 0.051270 0.054036
3 0.345703 0.676107 0.036133 0.042318
2 0.761963 0.734375 0.036621 0.037760
2 0.857666 0.123047 0.030762 0.027344
2 0.826904 0.141927 0.032715 0.032552
2 0.967285 0.165690 0.031250 0.034505
