2 0.398828 0.620602 0.054948 0.066204
2 0.941536 0.946991 0.054948 0.106019
2 0.980990 0.952546 0.038021 0.094907
0 0.637370 0.638889 0.040365 0.051852
3 0.799349 0.518519 0.057552 0.082407
3 0.327214 0.429861 0.063281 0.072685
2 0.880990 0.571528 0.044271 0.062500
2 0.894141 0.632639 0.050781 0.060648
2 0.854688 0.690046 0.045833 0.068981
2 0.810937 0.655556 0.043750 0.057407
2 0.498177 0.774537 0.060417 0.081481
2 0.531641 0.748148 0.047135 0.068519
2 0.672005 0.770139 0.045052 0.082870
2 0.630859 0.768056 0.033073 0.053704
2 0.568490 0.581250 0.036458 0.065278
2 0.536068 0.342130 0.026302 0.040741
2 0.515104 0.399769 0.033854 0.030093
2 0.506510 0.433796 0.042708 0.037963
2 0.552734 0.467130 0.033594 0.040741
2 0.538932 0.536806 0.036198 0.043981
2 0.476693 0.636111 0.048698 0.055556
2 0.427344 0.549306 0.051562 0.058796
2 0.380729 0.448380 0.035417 0.038426
2 0.374609 0.362731 0.022656 0.049537
2 0.325911 0.317593 0.029427 0.041667
2 0.345313 0.314120 0.019271 0.038426
2 0.129167 0.397917 0.029167 0.040278
2 0.210677 0.567130 0.045312 0.076852
2 0.343229 0.569676 0.033854 0.061574
2 0.317188 0.596759 0.030208 0.047222
2 0.242839 0.590741 0.046094 0.059259
2 0.259896 0.468287 0.042708 0.058796
2 0.222005 0.387963 0.028906 0.036111
2 0.099219 0.723843 0.052083 0.062500
2 0.886849 0.269444 0.036719 0.050000
2 0.542839 0.529861 0.058594 0.088426
2 0.535156 0.461111 0.044792 0.046296
2 0.423177 0.685648 0.057813 0.088889
2 0.146745 0.694444 0.058073 0.050000
