2 0.290885 0.513426 0.023958 0.034259
2 0.298958 0.484954 0.028125 0.023611
2 0.698828 0.656713 0.050260 0.058796
2 0.534896 0.647917 0.051042 0.071759
2 0.640234 0.717824 0.071094 0.084722
2 0.821745 0.803472 0.074740 0.127315
2 0.686458 0.935417 0.056250 0.093056
2 0.971875 0.959259 0.056250 0.081481
2 0.903516 0.772454 0.066406 0.065278
3 0.370182 0.410880 0.055469 0.063426
1 0.592969 0.462269 0.048958 0.075463
2 0.688411 0.535880 0.048698 0.062500
2 0.715885 0.476389 0.042188 0.048148
2 0.680990 0.500463 0.039583 0.040741
2 0.645312 0.523611 0.037500 0.037037
2 0.634245 0.453472 0.034635 0.048611
2 0.645312 0.495833 0.038021 0.040741
2 0.615495 0.617593 0.045573 0.036111
2 0.578255 0.635880 0.036719 0.056019
2 0.425521 0.459954 0.034896 0.046759
2 0.473047 0.459259 0.039844 0.037963
2 0.354036 0.668056 0.047656 0.064815
2 0.358984 0.590972 0.037760 0.041204
2 0.356510 0.557176 0.036458 0.056019
2 0.399349 0.456944 0.031510 0.027778
2 0.754948 0.581713 0.058854 0.072685
2 0.743880 0.708565 0.061198 0.081019
2 0.149219 0.515046 0.063021 0.084722
2 0.750781 0.964583 0.083854 0.070833
2 0.952604 0.656481 0.076563 0.105556
2 0.356250 0.492130 0.042708 0.036111
2 0.718229 0.482407 0.040625 0.065741
2 0.690495 0.120833 0.032552 0.039815
