2 0.290495 0.565741 0.021615 0.032407
2 0.298177 0.538426 0.026562 0.024074
3 0.364714 0.475463 0.054427 0.065741
1 0.582161 0.507639 0.047656 0.063426
2 0.939974 0.941667 0.073177 0.101852
2 0.867969 0.776852 0.061458 0.056481
2 0.790625 0.803704 0.068229 0.105556
2 0.681901 0.678935 0.041927 0.058796
2 0.728385 0.604630 0.052604 0.072222
2 0.616016 0.491667 0.035156 0.048148
2 0.696354 0.513194 0.037500 0.046759
2 0.629687 0.559491 0.035417 0.040278
2 0.666667 0.562963 0.036979 0.055556
2 0.663932 0.533565 0.030469 0.032870
2 0.630208 0.530556 0.031771 0.028704
2 0.596354 0.646296 0.051562 0.030556
2 0.521354 0.676157 0.043750 0.053241
2 0.524479 0.636806 0.035937 0.041204
2 0.561328 0.670370 0.032031 0.042593
2 0.624349 0.736111 0.051302 0.074074
2 0.719922 0.718287 0.047656 0.066204
2 0.662370 0.931250 0.051302 0.070833
2 0.730078 0.970370 0.054427 0.059259
2 0.982292 0.747917 0.035417 0.077315
2 0.420052 0.516204 0.031771 0.046296
2 0.396354 0.507870 0.030729 0.025926
2 0.464714 0.507407 0.033594 0.032407
2 0.470182 0.476620 0.025260 0.040278
2 0.350781 0.601852 0.033333 0.050926
2 0.355990 0.634722 0.039062 0.042593
2 0.352214 0.539583 0.040365 0.048611
2 0.675130 0.181481 0.026823 0.052778
2 0.410026 0.560185 0.056510 0.066667
2 0.508464 0.518981 0.041927 0.053704
2 0.682422 0.691898 0.036719 0.057870
2 0.510677 0.468750 0.033333 0.054167
2 0.509635 0.855324 0.061458 0.073611
2 0.666536 0.676389 0.060156 0.075926
