1 0.478646 0.259259 0.032292 0.048148
1 0.508073 0.271296 0.026562 0.050000
1 0.364583 0.546296 0.034375 0.059259
1 0.352865 0.649537 0.054688 0.082407
1 0.572396 0.413426 0.028125 0.043519
1 0.649219 0.555093 0.057813 0.076852
1 0.984375 0.596759 0.031250 0.093519
1 0.902604 0.669444 0.044792 0.064815
1 0.925260 0.752778 0.052604 0.083333
1 0.434375 0.866667 0.053125 0.087037
3 0.760938 0.875926 0.084375 0.137037
3 0.841146 0.869444 0.092708 0.137037
1 0.660417 0.407407 0.037500 0.051852
1 0.673438 0.976389 0.083333 0.047222
