3 0.619531 0.961574 0.064583 0.076852
3 0.600781 0.587731 0.068229 0.077315
3 0.433073 0.577778 0.068229 0.081481
3 0.322917 0.719907 0.044792 0.046296
3 0.342708 0.819676 0.045833 0.072685
3 0.297005 0.867361 0.034635 0.055093
1 0.978125 0.128241 0.043750 0.081481
1 0.935286 0.159491 0.037760 0.060648
1 0.892578 0.121296 0.041406 0.073148
1 0.843880 0.191667 0.035677 0.067593
1 0.781120 0.291204 0.033073 0.056481
1 0.847005 0.439352 0.067969 0.085185
1 0.732422 0.417824 0.046094 0.072685
1 0.431120 0.523148 0.048177 0.050000
1 0.517188 0.210417 0.024479 0.038426
1 0.749219 0.016667 0.039062 0.032407
1 0.578646 0.868056 0.052083 0.086111
3 0.322526 0.594676 0.043490 0.051389
3 0.667578 0.384028 0.047656 0.041204
1 0.741667 0.197454 0.041146 0.067130
