1 0.238411 0.942824 0.031510 0.049537
1 0.859375 0.266667 0.031771 0.060185
1 0.766927 0.689352 0.039062 0.072222
1 0.482031 0.740509 0.034896 0.060648
1 0.416406 0.615278 0.022396 0.045370
1 0.123568 0.830093 0.036198 0.046296
1 0.145703 0.759954 0.025260 0.044907
1 0.216927 0.640509 0.024479 0.042130
1 0.246615 0.607639 0.030208 0.031019
1 0.319271 0.541435 0.026562 0.037500
1 0.537760 0.232176 0.025521 0.031019
1 0.517839 0.253935 0.024740 0.038426
1 0.432161 0.387731 0.023698 0.038426
1 0.456641 0.354398 0.025260 0.031019
1 0.377214 0.538194 0.026823 0.025463
