2 0.031445 0.920833 0.053516 0.059722
2 0.067773 0.831944 0.043359 0.055556
2 0.135156 0.861458 0.046094 0.052083
2 0.216602 0.861111 0.049609 0.058333
2 0.263477 0.804514 0.051172 0.046528
2 0.283203 0.692708 0.045312 0.047917
2 0.342969 0.738889 0.048438 0.044444
2 0.384375 0.865625 0.039062 0.049306
2 0.437695 0.823611 0.047266 0.056944
2 0.498437 0.738889 0.036719 0.054167
3 0.014648 0.850694 0.028516 0.070833
2 0.673438 0.618750 0.037500 0.055556
2 0.727148 0.591667 0.065234 0.055556
2 0.740039 0.510764 0.044141 0.049306
2 0.793555 0.498611 0.034766 0.052778
2 0.971484 0.671528 0.052344 0.061111
3 0.988477 0.708681 0.023047 0.071528
3 0.445898 0.709375 0.056641 0.063194
3 0.248828 0.720139 0.057813 0.062500
3 0.119922 0.709375 0.064062 0.081250
3 0.229883 0.545486 0.052734 0.060417
2 0.642969 0.686458 0.044531 0.047917
2 0.547656 0.672222 0.051562 0.052778
