3 0.236816 0.593424 0.050781 0.057943
3 0.348633 0.678385 0.033203 0.036458
3 0.383057 0.468424 0.043457 0.041016
3 0.902832 0.543294 0.044922 0.046224
2 0.373047 0.536458 0.036133 0.037760
2 0.565186 0.392578 0.031738 0.037760
2 0.658936 0.382161 0.028809 0.027344
2 0.436523 0.908203 0.040039 0.042969
2 0.473389 0.850911 0.049316 0.039062
2 0.528809 0.904297 0.041016 0.045573
2 0.552979 0.971680 0.051270 0.041016
2 0.662598 0.981771 0.047852 0.036458
2 0.703125 0.921549 0.051758 0.048828
2 0.788086 0.886393 0.053711 0.054036
2 0.884521 0.885091 0.046387 0.051432
2 0.978271 0.826172 0.043457 0.058594
2 0.675049 0.740560 0.048340 0.047526
2 0.800293 0.800130 0.067383 0.053385
2 0.763184 0.730469 0.037109 0.040365
2 0.790527 0.552409 0.041016 0.051432
2 0.820801 0.462565 0.029297 0.035807
2 0.883545 0.485026 0.034668 0.032552
2 0.757568 0.479492 0.038574 0.046224
