2 0.044661 0.477546 0.040365 0.045833
2 0.024479 0.554630 0.046354 0.059259
2 0.556250 0.673148 0.044792 0.062963
2 0.383854 0.703241 0.045312 0.060185
2 0.417318 0.716898 0.044531 0.057870
2 0.316927 0.577083 0.043229 0.057870
2 0.258333 0.519213 0.039583 0.057870
2 0.433984 0.645833 0.038281 0.069444
2 0.469792 0.598611 0.039062 0.070370
2 0.707161 0.832176 0.060156 0.096759
2 0.742057 0.597454 0.072135 0.113426
2 0.882422 0.730787 0.077865 0.095833
2 0.855078 0.889352 0.091406 0.136111
2 0.938932 0.887500 0.072135 0.101852
2 0.865365 0.408102 0.049479 0.054167
2 0.818620 0.420602 0.036719 0.054167
2 0.835677 0.496296 0.043750 0.064815
2 0.365495 0.343750 0.032031 0.054167
2 0.416797 0.399306 0.027344 0.054167
2 0.331771 0.387500 0.036979 0.047222
2 0.919661 0.399306 0.060156 0.061574
2 0.765885 0.403241 0.044792 0.040741
2 0.671224 0.948611 0.084115 0.095370
2 0.408333 0.502083 0.041146 0.074537
2 0.451042 0.509259 0.048438 0.062963
2 0.158333 0.661806 0.056250 0.054167
2 0.172005 0.554861 0.047656 0.054167
2 0.118229 0.639352 0.041146 0.062963
2 0.383724 0.479167 0.045573 0.056481
