2 0.399870 0.453935 0.034635 0.034722
2 0.429557 0.462500 0.037760 0.059259
2 0.148828 0.509259 0.062240 0.060185
2 0.301302 0.484954 0.022396 0.024537
2 0.293620 0.510648 0.027344 0.037037
2 0.684635 0.931250 0.061458 0.093981
2 0.750391 0.972222 0.064323 0.055556
2 0.970833 0.958102 0.058333 0.083796
2 0.822396 0.809722 0.082292 0.112963
2 0.643359 0.718287 0.054427 0.077315
2 0.536979 0.645602 0.044271 0.073611
2 0.752604 0.711343 0.065625 0.078241
2 0.956510 0.665509 0.080208 0.094907
2 0.363411 0.587731 0.045573 0.047685
2 0.360938 0.551852 0.046354 0.042593
2 0.358333 0.488194 0.031250 0.031019
2 0.632292 0.448380 0.039062 0.054167
2 0.424870 0.531019 0.052865 0.075926
2 0.475521 0.458565 0.046875 0.035648
2 0.686068 0.539583 0.051302 0.064352
2 0.716406 0.478472 0.048438 0.060648
2 0.683984 0.500231 0.045573 0.047685
2 0.646224 0.520139 0.044010 0.051389
2 0.645964 0.491204 0.047656 0.042593
2 0.763021 0.574306 0.076563 0.080093
1 0.592057 0.456019 0.052865 0.079630
3 0.367708 0.411806 0.068750 0.057870
