2 0.124740 0.400000 0.035417 0.052778
2 0.888542 0.269444 0.033854 0.053704
3 0.798828 0.519676 0.065885 0.078241
2 0.881380 0.573611 0.047135 0.070370
2 0.896615 0.629630 0.050000 0.072222
2 0.857812 0.694444 0.046354 0.073148
2 0.940365 0.944676 0.057813 0.097685
2 0.982812 0.943519 0.034375 0.092593
2 0.630339 0.766435 0.030990 0.044907
2 0.671484 0.773611 0.045573 0.079630
0 0.641146 0.640509 0.046875 0.055093
2 0.528385 0.743981 0.048438 0.079630
2 0.536719 0.344676 0.027604 0.044907
2 0.519271 0.396759 0.053646 0.036111
2 0.509505 0.432870 0.045573 0.046296
2 0.553646 0.464352 0.042708 0.050000
2 0.569922 0.580556 0.034635 0.059259
2 0.540625 0.538889 0.038542 0.045370
2 0.480208 0.635417 0.053646 0.060648
2 0.385547 0.451389 0.028906 0.037037
2 0.344922 0.569676 0.043490 0.055093
2 0.429557 0.546065 0.056510 0.064352
2 0.402865 0.621759 0.050521 0.066667
2 0.323958 0.315741 0.024479 0.043519
2 0.347526 0.309954 0.023698 0.042130
2 0.375391 0.362037 0.024740 0.046296
2 0.314974 0.600000 0.034115 0.046296
2 0.424609 0.690509 0.073698 0.091204
3 0.328385 0.433565 0.066667 0.068056
2 0.242969 0.584722 0.040625 0.069444
2 0.208984 0.569213 0.050781 0.064352
2 0.223438 0.385185 0.033333 0.036111
2 0.097526 0.722917 0.049219 0.060648
2 0.145703 0.691204 0.052865 0.056481
2 0.264974 0.464352 0.047135 0.070370
