2 0.087891 0.457870 0.045573 0.055556
2 0.029167 0.290046 0.044271 0.038426
2 0.043620 0.362269 0.044010 0.064352
2 0.039714 0.669444 0.059115 0.072222
2 0.069010 0.757639 0.039583 0.070833
2 0.206380 0.637269 0.045573 0.056944
2 0.214062 0.576852 0.044792 0.056481
2 0.258984 0.537037 0.054948 0.069444
2 0.423698 0.906713 0.052083 0.086574
2 0.629948 0.956944 0.052083 0.086111
2 0.975911 0.805787 0.048177 0.080093
2 0.982812 0.725463 0.034375 0.055556
2 0.657161 0.780787 0.039844 0.057870
2 0.706250 0.826389 0.050000 0.082407
2 0.729818 0.765278 0.047656 0.078704
2 0.466927 0.783333 0.055729 0.073148
2 0.391667 0.768981 0.046875 0.073148
2 0.571745 0.805787 0.045573 0.071759
2 0.127214 0.224306 0.030469 0.041204
2 0.166667 0.274537 0.042708 0.046296
2 0.159766 0.325926 0.033073 0.059259
2 0.209635 0.284954 0.037500 0.038426
2 0.221615 0.330556 0.031250 0.052778
3 0.572135 0.253472 0.050521 0.093981
3 0.597396 0.478935 0.072396 0.097685
2 0.851693 0.736806 0.042448 0.081019
2 0.888932 0.753009 0.056510 0.077315
2 0.436849 0.649537 0.041927 0.065741
2 0.507682 0.632176 0.050781 0.071759
2 0.395703 0.631944 0.041927 0.069444
2 0.345313 0.670833 0.046875 0.059259
2 0.345313 0.361343 0.033854 0.044907
2 0.335547 0.423148 0.040365 0.047222
2 0.327995 0.466204 0.039844 0.046296
2 0.323958 0.502778 0.040625 0.042593
2 0.320052 0.534491 0.041146 0.043981
2 0.294401 0.326157 0.041927 0.043981
2 0.429688 0.386574 0.039062 0.043519
2 0.527604 0.455324 0.038542 0.060648
2 0.477734 0.328704 0.058594 0.053704
2 0.524740 0.142824 0.031250 0.040278
2 0.412630 0.120833 0.026823 0.042593
2 0.359115 0.106944 0.028125 0.042593
2 0.607552 0.257407 0.039062 0.050000
2 0.700911 0.259954 0.050781 0.055093
2 0.864714 0.483565 0.041406 0.050463
2 0.539453 0.174537 0.036198 0.046296
2 0.546354 0.410417 0.041146 0.057870
