3 0.364844 0.468981 0.059896 0.059259
2 0.354297 0.542130 0.030469 0.040741
2 0.360938 0.599306 0.052083 0.044907
2 0.362370 0.637269 0.050781 0.041204
2 0.396354 0.510648 0.030208 0.042593
2 0.420573 0.522222 0.039583 0.052778
1 0.579036 0.506019 0.052865 0.069444
2 0.530208 0.637963 0.046354 0.039815
2 0.523698 0.678472 0.046354 0.067130
2 0.661068 0.932407 0.050781 0.070370
2 0.726562 0.971065 0.065625 0.057870
2 0.789193 0.810185 0.073698 0.106481
2 0.941406 0.945370 0.080208 0.086111
2 0.981380 0.752546 0.037240 0.070833
2 0.695833 0.513889 0.039062 0.049074
2 0.664323 0.536343 0.041146 0.037500
2 0.670573 0.570370 0.052083 0.059259
2 0.620573 0.496528 0.040625 0.057870
2 0.678906 0.675694 0.061458 0.064352
2 0.730208 0.731944 0.070312 0.099074
2 0.622786 0.740278 0.066406 0.089815
2 0.515234 0.864120 0.051302 0.070833
2 0.598958 0.643750 0.057813 0.041204
2 0.562370 0.665509 0.034115 0.054167
2 0.735286 0.596065 0.065885 0.074537
2 0.674870 0.182639 0.024740 0.031944
2 0.471615 0.472685 0.031771 0.040741
2 0.466797 0.503472 0.034115 0.041204
2 0.423047 0.513194 0.037760 0.047685
2 0.871224 0.775694 0.061719 0.068056
