2 0.866146 0.846991 0.036458 0.051389
2 0.815885 0.820833 0.047396 0.056481
2 0.930599 0.904167 0.042448 0.063889
3 0.369792 0.828935 0.063021 0.112500
3 0.466406 0.604630 0.052083 0.079630
3 0.441797 0.485417 0.042969 0.047685
3 0.289453 0.617361 0.029948 0.049537
3 0.602474 0.472685 0.040365 0.051852
3 0.919531 0.340278 0.055208 0.043519
3 0.750651 0.356481 0.032552 0.046296
0 0.573177 0.946528 0.054688 0.106944
1 0.601823 0.779167 0.044271 0.075000
2 0.689323 0.928472 0.047396 0.068056
0 0.835938 0.494676 0.054688 0.043056
2 0.745313 0.690741 0.032292 0.049074
2 0.768229 0.699306 0.025521 0.030093
2 0.979688 0.609491 0.040104 0.039352
2 0.837240 0.621759 0.033854 0.038889
2 0.738021 0.548843 0.025521 0.031019
2 0.733203 0.567130 0.024219 0.023148
2 0.657161 0.821296 0.041406 0.051852
2 0.428516 0.637500 0.023177 0.035185
2 0.164844 0.650231 0.044792 0.048611
3 0.341406 0.648843 0.059375 0.080093
2 0.515365 0.377546 0.016667 0.048611
3 0.682422 0.464352 0.045573 0.060185
2 0.582552 0.782639 0.048438 0.064352
2 0.885938 0.902315 0.052083 0.069444
2 0.638281 0.945139 0.051562 0.091204
2 0.702344 0.975463 0.056250 0.049074
2 0.754818 0.959259 0.034115 0.062963
