1 0.477083 0.251852 0.025000 0.044444
1 0.505208 0.272222 0.028125 0.044444
1 0.574740 0.406944 0.027604 0.052778
1 0.659115 0.408796 0.032813 0.054630
1 0.648958 0.551852 0.060417 0.075926
1 0.361979 0.543981 0.031250 0.050926
1 0.349219 0.648611 0.061979 0.075000
1 0.431771 0.865741 0.060417 0.112963
1 0.982812 0.598148 0.034375 0.105556
1 0.902344 0.672685 0.058854 0.073148
1 0.925781 0.756481 0.053646 0.100000
3 0.835156 0.869444 0.097396 0.146296
3 0.753646 0.875000 0.084375 0.138889
1 0.667188 0.987037 0.058333 0.025926
