2 0.206250 0.117593 0.044792 0.063889
2 0.725130 0.102778 0.075260 0.088889
2 0.548177 0.066204 0.056250 0.081481
2 0.980990 0.842130 0.038021 0.181481
2 0.804297 0.738194 0.059115 0.093981
2 0.475911 0.685648 0.085156 0.141667
2 0.351042 0.665046 0.061979 0.105093
2 0.468099 0.349074 0.066927 0.098148
2 0.023568 0.234722 0.046615 0.072222
2 0.957682 0.502083 0.054948 0.074537
2 0.862240 0.603935 0.078125 0.067130
2 0.801432 0.735648 0.062240 0.088889
2 0.978646 0.656019 0.039062 0.062963
2 0.416276 0.944676 0.071615 0.110648
2 0.159505 0.124306 0.058594 0.064352
