3 0.291797 0.864352 0.038281 0.060185
1 0.584115 0.876620 0.048438 0.074537
3 0.620833 0.965972 0.074479 0.068056
3 0.345443 0.809259 0.041406 0.056481
1 0.978516 0.128009 0.042969 0.074537
1 0.935286 0.168519 0.050781 0.065741
1 0.885286 0.129398 0.043490 0.061574
1 0.842708 0.192824 0.040625 0.070833
1 0.518229 0.214815 0.020833 0.032407
1 0.777214 0.296528 0.039844 0.064352
1 0.733073 0.424537 0.050000 0.078704
1 0.842969 0.449074 0.074479 0.086111
3 0.668099 0.385880 0.041927 0.040278
3 0.601042 0.587269 0.068229 0.074537
3 0.437240 0.586574 0.070312 0.086111
3 0.325000 0.718519 0.041146 0.046296
1 0.433984 0.520833 0.049219 0.055556
