3 0.868750 0.194444 0.098958 0.085185
3 0.677865 0.174074 0.072396 0.079630
1 0.568229 0.100000 0.077083 0.098148
3 0.163542 0.102778 0.139583 0.124074
1 0.050260 0.224074 0.099479 0.120370
3 0.157292 0.287500 0.131250 0.147222
3 0.029687 0.373148 0.058333 0.120370
1 0.217708 0.389352 0.084375 0.119444
3 0.302083 0.477778 0.094792 0.140741
3 0.505469 0.314815 0.048438 0.087037
1 0.663281 0.537500 0.080729 0.113889
1 0.794792 0.648611 0.100000 0.121296
1 0.554948 0.556944 0.092188 0.134259
1 0.515885 0.943056 0.078646 0.113889
3 0.461979 0.657407 0.056250 0.090741
3 0.304427 0.480556 0.096354 0.135185
3 0.427865 0.097222 0.034896 0.055556
1 0.294010 0.022685 0.071354 0.043519
2 0.864062 0.397222 0.053125 0.057407
2 0.986198 0.428241 0.027604 0.062037
2 0.915104 0.419444 0.047917 0.035185
2 0.912500 0.392593 0.036458 0.031481
2 0.800781 0.154167 0.032813 0.047222
