1 0.237891 0.938889 0.032031 0.047222
1 0.858203 0.262963 0.044010 0.066667
1 0.766667 0.691204 0.039062 0.069444
1 0.484505 0.741435 0.028906 0.061574
1 0.416667 0.616667 0.030208 0.046296
1 0.518880 0.253935 0.025260 0.038426
1 0.455599 0.357407 0.030469 0.039815
1 0.431120 0.387269 0.023177 0.034722
1 0.377865 0.537731 0.028125 0.037500
1 0.321745 0.543981 0.028906 0.032407
1 0.219401 0.643750 0.026823 0.043981
1 0.124609 0.827546 0.025260 0.041204
1 0.151432 0.765278 0.026823 0.042593
1 0.425000 0.590278 0.027083 0.038889
